time,x,y,z,phi,theta,psi,x_velocity,y_velocity,z_velocity,phi_velocity,theta_velocity,psi_velocity,rotor_speed1,rotor_speed2,rotor_speed3,rotor_speed4
0.06,-2.28523120513e-07,7.31501995951e-08,0.00765445809053,7.02586008217e-05,0.000191055590283,0.0,-2.03807359296e-05,6.95045424815e-06,0.255125900907,0.00341589447684,0.00889400941065,0.0,483.00504118436214,483.6751582195223,483.77920207747263,484.03626641813804
0.12000000000000001,-8.57538410616e-06,3.50638482413e-06,0.0292815897782,0.000605697017341,0.00026044064115,0.0,-0.000303293533203,0.000153445840109,0.465715825842,0.0181349310053,-0.0225692568241,0.0,471.95849838132057,469.52423948483613,470.2444114510451,471.3829233922535
0.18,-2.73431839696e-05,3.02430842159e-05,0.0607593901184,0.00206005197772,6.28241619024,0.0,-0.000199411046779,0.000873026254697,0.583490702551,0.034275606946,-0.00808764566832,0.0,442.6167599765579,443.8068439012694,441.62264472582655,442.951865984762
0.23999999999999996,-1.80658518927e-05,0.000142934626113,0.102862017479,0.00385124209022,6.28195010843,0.0,0.000566646963092,0.00312043751038,0.81978991659,0.0190876602164,-0.0071363232241,0.0,477.9172751417406,477.9898883359932,479.7862546385132,478.6321264704784
0.3,4.72720560973e-05,0.000426822404868,0.158168013519,0.00504971180564,6.28122665571,0.0,0.0016757440664,0.00647944028976,1.02358228274,0.0216915223471,-0.0243766954852,0.0,470.680998540782,469.3451256692084,468.6498703516288,468.85213873167476
0.36000000000000004,0.000197143630689,0.000932367418148,0.224008205723,0.00602105208595,6.27950824659,0.0,0.00349112235299,0.0104987505245,1.17095006537,0.00193029230402,-0.0389305725545,0.0,453.35081748534867,452.1797860928895,453.5193901112513,451.92949022996453
0.4200000000000001,0.000498265269554,0.00169875877238,0.299204701103,0.00583894436405,6.27796370989,0.0,0.00675281306947,0.0150456722804,1.33542111943,-0.0154977811929,-0.00756654375136,0.0,456.91470128996,459.40779438717993,459.0710288507371,457.6862478232753
0.48000000000000015,0.00101977857883,0.00272619412253,0.3836455712,0.0050816876336,6.27773559715,0.0,0.0106660534072,0.0191102598398,1.47909986341,-0.00741219051682,0.00282753644509,0.0,451.0471098650353,451.8857470209227,452.8315860950494,453.48159551977307
0.5400000000000001,0.00176472921349,0.00396967342895,0.474127067675,0.00440958270895,6.27801735936,0.0,0.0141433765397,0.0222864752661,1.53687426403,-0.0201282227762,0.00819328445112,0.0,425.62663539910443,426.08548914374757,425.66798540227677,424.5786056708351
0.6000000000000002,0.00271952510273,0.00539490305407,0.569621738323,0.00355165817481,6.27863752657,0.0,0.0176245954288,0.025115826507,1.64613103059,-0.00463940463024,0.0143100094848,0.0,442.37918491938916,442.8824040086715,441.043995079397,442.32137529484606
0.6600000000000003,0.00387050276991,0.00697632395087,0.672015674053,0.00325992620627,6.27930576639,0.0,0.020659369741,0.0275676170302,1.76682177919,-0.00531157646927,0.00388660513463,0.0,446.1774413894224,445.3255920687783,446.4068963908897,446.3521358971197
0.7200000000000003,0.00519037963539,0.00869786539269,0.781291437641,0.00238954057717,6.27946792119,0.0,0.0233153173737,0.0297710141777,1.8755317671,-0.048278147923,0.000222480745682,0.0,441.9603600515194,441.65822390586567,445.3567607629392,441.82857935684217
0.7800000000000004,0.00665234373833,0.0105155480583,0.893176086571,6.28250898868,6.27965512069,0.0,0.0254080458107,0.0305685165882,1.85399233392,-0.0574327863234,0.00836309116242,0.0,398.42552771692016,399.16901348991166,401.7926049350113,400.9598162728759
0.8400000000000004,0.00826869617065,0.0123155256727,1.01348750685,6.27967550499,6.27977571501,0.0,0.0284213163636,0.0290243902671,2.1558695625,-0.0321437415439,-0.0154053153348,0.0,500.90408029279104,499.1727234117226,499.0597802416182,500.90087175929415
0.9000000000000005,0.0100445196887,0.013980251229,1.14499516512,6.27744283068,6.27920894842,0.0,0.0308431943367,0.0262660658616,2.2275809561,-0.0500004561752,0.000392537409082,0.0,431.5278725702768,432.8594156170781,433.330086732552,431.82568934062994
0.9600000000000005,0.0119975769426,0.0153949654773,1.28686979444,6.27540155837,6.27947017367,0.0,0.0342370585128,0.0205871258615,2.50101519164,-0.0132955651687,0.0112874872831,0.0,492.197176544813,493.0027257401476,492.7645523047375,495.46970995924124
1.0200000000000005,0.0141306840818,0.0164562337242,1.44124393026,6.27408270686,6.28010086163,0.0,0.0367943745368,0.0146895514124,2.64446826204,-0.0515305596602,0.00891241364095,0.0,456.5895428170988,456.39989726209467,457.7876072364129,454.734865724143
1.0800000000000005,0.0163920933826,0.0171633222065,1.60025872851,6.27062558027,6.28059168385,0.0,0.0385401910854,0.00859289981864,2.6559956586,-0.0739935254813,0.00667452523645,0.0,415.73600554648357,415.5397637034753,415.1158224800346,413.1372104686212
1.1400000000000006,0.0187600114371,0.0173834350282,1.76407288379,6.26660262216,6.2811586409,0.0,0.0403361654359,-0.00170980376256,2.80411889307,-0.0558962755089,0.0144898691648,0.0,458.0800219851902,458.70095085842325,457.97888115846223,459.41268696613565
1.2000000000000006,0.0212210345729,0.0169042623354,1.93654286034,6.26318490483,6.28191562546,0.0,0.0416091210727,-0.0146219681226,2.94452324789,-0.0591823979201,0.00857833800601,0.0,457.08826188087016,456.6167907886921,457.16026907571546,456.89622441014956
1.2600000000000007,0.0237448412212,0.0155480885378,2.11873053401,6.25924541613,6.2822680359,0.0,0.0424668668309,-0.0309962200998,3.12790706083,-0.083549378048,-0.000174921272906,0.0,471.04657198381824,470.3690895825777,471.4463767196874,469.55669790328596
1.3200000000000007,0.0263112269553,0.0131907341038,2.30876876887,6.2546661505,6.28221761308,0.0,0.0430820929701,-0.0480478572562,3.20647120325,-0.0648011302299,-0.00220578353243,0.0,440.19544233129557,440.02736890660526,438.1237358704417,439.6749403256025
1.3800000000000008,0.0289171816255,0.00968515160208,2.50479225963,6.2509074741,6.2821344236,0.0,0.0437939935148,-0.0691960405414,3.32728848491,-0.0586488855483,0.000203838718091,0.0,452.91866622983235,453.11245710464857,453.14801147944684,453.6395416820639
1.4400000000000008,0.0315637975491,0.00493384536324,2.70496813968,6.2472458318,6.28221258583,0.0,0.0444223287747,-0.0895010820682,3.34517630257,-0.0662654640482,0.0034146891236,0.0,420.88847964486325,421.16626332233403,421.5125442321591,420.8508760760998
1.5000000000000009,0.0342503683586,-0.00128786545654,2.91122812491,6.24305654381,6.28274873046,0.0,0.0450849955918,-0.118334776307,3.52958649996,-0.078095563486,0.0181649862702,0.0,472.3642738189544,473.500307567183,474.0228810879541,473.1094486243792
1.560000000000001,0.0369591980104,-0.00907864754776,3.12218692452,6.23857211147,0.000838014817116,0.0,0.0451103138601,-0.141742043761,3.50243865291,-0.0687603273677,0.026780476058,0.0,406.9307531563992,407.70134001872896,406.98270424086746,407.8124750352992
1.620000000000001,0.0396448021039,-0.018383283341,3.33229535201,6.23443683032,0.00319814308181,0.0,0.04423033957,-0.168771835083,3.5011593391,-0.0692451919686,0.0568872010513,0.0,414.52678386580703,417.1649943068927,416.15824056007665,416.11184603630767
1.680000000000001,0.0422081291941,-0.0296746666269,3.54821755378,6.23033467831,0.00680818560251,0.0,0.0408076314703,-0.20805567889,3.69560927207,-0.0666732199557,0.0660286771358,0.0,477.13006508615194,477.82975566571747,476.99359372862665,477.1867979018052
1.740000000000001,0.0445163931638,-0.0431508217859,3.77080330912,6.22628647041,0.0110175668657,0.0,0.0357601416418,-0.241511882709,3.723796249,-0.069112716479,0.0773412476187,0.0,427.27999015627904,428.24731612262843,426.78070890763126,426.56880457095366
1.8000000000000012,0.0464360705193,-0.0587371284662,3.99554945252,6.22208266669,0.015484879247,0.0,0.0278026144166,-0.278413972488,3.76756394481,-0.0720348724735,0.0679520524847,0.0,432.3455433077653,431.5581779464664,433.2865084540425,433.0368678214875
1.8600000000000012,0.0477765762571,-0.0766881898181,4.22405087358,6.21783397459,0.0197554718443,0.0,0.0164696920606,-0.320362473451,3.84883786537,-0.0684719270515,0.0769479104071,0.0,443.6445498216468,444.3864806077569,445.65762799580216,445.9449478719497
1.9200000000000013,0.0483086054029,-0.0973709627536,4.45939020796,6.21391480526,0.0242978380517,0.0,0.000775359008033,-0.369465514404,3.99525585497,-0.0596639778088,0.0731006261579,0.0,466.15712117599526,465.8605878379315,464.85011334077626,465.5368844191209
1.9800000000000013,0.0477306189342,-0.121273238708,4.70620339492,6.21042436357,0.0292565940524,0.0,-0.0205973864801,-0.42764813498,4.2309488746,-0.0553503912295,0.0969762598552,0.0,491.5358300662582,493.3067678162864,493.0334581959854,493.3500853198823
2.0400000000000014,0.0458254748826,-0.148548692454,4.9643883736,6.20728870527,0.0350109277798,0.0,-0.0435199340922,-0.481842239639,4.37461703508,-0.0467068588621,0.0936750167564,0.0,468.24056750128585,467.99098264516294,467.02697594624385,467.6990682302841
2.1000000000000014,0.0423889499918,-0.179204745561,5.23200875855,6.2038898358,0.040710376451,0.0,-0.0716445436305,-0.54029413442,4.5453317675,-0.101871640508,0.0974986578638,0.0,477.12776482396276,477.4265997573424,478.797745188195,474.57886011994276
2.1600000000000015,0.037148218937,-0.21343213373,5.50951472339,6.19722355301,0.0462228332094,0.0,-0.103653052201,-0.601253778417,4.70411779477,-0.145158041861,0.0772022857449,0.0,475.2478999990015,473.6958913684967,477.1220985269695,473.794152012008
2.2200000000000015,0.0300769972488,-0.251089813482,5.79210870039,6.18822472099,0.0507105416778,0.0,-0.132457744409,-0.654779289605,4.7155146755,-0.161965594567,0.0694878674052,0.0,430.69550229290667,430.04702728219735,431.94114954193014,430.4989879038985
2.2800000000000016,0.0213301964513,-0.291876201011,6.07281277281,6.17823315441,0.054823809833,0.0,-0.159433277391,-0.705542494263,4.641467527,-0.177693922775,0.0666201412449,0.0,402.4969001343548,402.2413255415923,402.984087096556,401.52959775504246
2.3400000000000016,0.010695558752,-0.336258681348,6.35274095862,6.16883116667,0.0586157678571,0.0,-0.195410846536,-0.774775811884,4.6891101922,-0.132086462329,0.055291698826,0.0,442.62501771283723,441.6945149237255,441.0724003179037,444.7981875118377
2.4000000000000017,-0.00236536441773,-0.385349706633,6.63880993119,6.16188918642,0.0618436404404,0.0,-0.240274041495,-0.862316970969,4.84569714759,-0.0946372776138,0.0506303461537,0.0,476.75825423587685,476.40362872791013,475.4612077239288,478.31013554114014
2.4600000000000017,-0.0178255536075,-0.4391302364,6.92847050364,6.15588470931,0.0647293741212,0.0,-0.27531625436,-0.930858422636,4.80968087474,-0.114093216779,0.0424733542892,0.0,418.00248543143516,417.2924927036538,418.3960568949229,416.6888425289757
2.520000000000002,-0.0356250312937,-0.497500428752,7.218842702,6.14890244127,0.0671411712359,0.0,-0.318218772963,-1.01543975474,4.8689714761,-0.121362776139,0.0352040640947,0.0,449.961312669239,449.37316728164615,448.0187699991024,447.4151810617311
2.580000000000002,-0.0559837701998,-0.560962427799,7.51186334663,6.14149711448,0.0689164129154,0.0,-0.360574930076,-1.10060926149,4.89807937334,-0.127891611614,0.0149312235936,0.0,440.599979936212,438.9207397819767,440.48592937314675,439.93159544294224
2.640000000000002,-0.079092194106,-0.6300436954,7.80917327875,6.13377420876,0.0694444109785,0.0,-0.409744749022,-1.20282211811,5.01154514707,-0.13041328632,-0.00775000755003,0.0,468.39985047235444,466.63232812411206,466.6180537263878,466.4068334819403
2.700000000000002,-0.105208540523,-0.705534446613,8.11400210042,6.1258617973,0.0689684335889,0.0,-0.460699884431,-1.3142815584,5.14857260226,-0.134963247786,-0.00830139829697,0.0,475.78572973724914,475.7436284288995,475.5263707437641,475.16289711887487
2.760000000000002,-0.134212410878,-0.787522770371,8.42474439208,6.11764780184,0.0683885943699,0.0,-0.50601848997,-1.41939502713,5.20899448148,-0.141080525713,-0.0125388205052,0.0,453.86789755920756,453.52775277917544,454.27446560981514,453.7666529796696
2.820000000000002,-0.165681035888,-0.875389659629,8.73558103979,6.10976496687,0.0681486262731,0.0,-0.542912493985,-1.51018046672,5.15227405562,-0.11687923938,0.00915718143613,0.0,414.73438863779734,416.63603738803636,416.56244746116477,418.656270959323
2.880000000000002,-0.199538060469,-0.969271936127,9.04550984691,6.10217096376,0.0683092616598,0.0,-0.585678496827,-1.61984787944,5.17832410114,-0.166071141287,-0.0152462555186,0.0,445.2470849039141,443.2457404567322,445.74413418313657,441.68848650561125
2.940000000000002,-0.236100686297,-1.07026124714,9.35899303017,6.09245377606,0.0668062396113,0.0,-0.632938523756,-1.74736169768,5.27035595187,-0.154788146953,-0.06680158602,0.0,466.65063533059157,462.60754051737524,466.0178860601582,466.87543020629835
3.000000000000002,-0.27545659369,-1.17910330303,9.67797489764,6.08343841938,0.0625793605524,0.0,-0.678470982898,-1.88153443051,5.36162262707,-0.142466894601,-0.0789704590082,0.0,468.0430818100803,467.09130535817025,465.65563224415166,466.59844986063916
3.0600000000000023,-0.317235323346,-1.29547040959,9.99891328904,6.07489672848,0.0578119641027,0.0,-0.713755250289,-1.99810321033,5.33616690708,-0.142151830485,-0.0804464527592,0.0,431.9431153883506,431.8133360196429,430.46255883474566,430.4696198021994
3.1200000000000023,-0.361085373728,-1.41910624659,10.3188830057,6.06629838747,0.0537201965523,0.0,-0.747528105215,-2.1238312608,5.32921453411,-0.145716460461,-0.0509542638136,0.0,436.8571491912896,439.3059462667958,437.3875890093253,437.07101277852735
3.1800000000000024,-0.406724127432,-1.54974449841,10.6352603204,6.05741928502,0.0506341785341,0.0,-0.773570520845,-2.23151447785,5.21693550268,-0.152952598659,-0.0524096654142,0.0,403.2821372186749,403.1486337250641,401.6084513542401,400.92823543150325
3.2400000000000024,-0.454056616081,-1.68776519972,10.9482719323,6.04804201886,0.0474098914659,0.0,-0.803893751515,-2.36997412193,5.21640706143,-0.163957840527,-0.0565358376341,0.0,439.9476048632983,439.60382274552956,440.65878402419537,439.72441415484536
3.3000000000000025,-0.503123175783,-1.83412637727,11.2606242857,6.03783480487,0.0443576879802,0.0,-0.831385670557,-2.50958286339,5.19502505142,-0.18675353176,-0.041440979958,0.0,433.0823739956903,434.34860862165124,435.18702106087176,433.24524908697515
3.3600000000000025,-0.553612697036,-1.98805969161,11.5677294988,6.02683697233,0.0418664599947,0.0,-0.851464785796,-2.62241541779,5.04214147718,-0.177161252578,-0.0416798694859,0.0,387.98691260153,387.96328610157406,388.5369460073431,389.3975601481406
3.4200000000000026,-0.605500181986,-2.1503007752,11.8708722713,6.01604635583,0.0394100243806,0.0,-0.87788110356,-2.78654022425,5.06200057566,-0.185825106119,-0.0395019623226,0.0,448.00186598880725,448.17808189686826,447.74340504783595,447.00674345871465
3.4800000000000026,-0.658897670399,-2.32238769621,12.1743888426,6.00493640823,0.0370347552478,0.0,-0.901822482233,-2.95063395807,5.05469496057,-0.18388069441,-0.0397600424026,0.0,439.79902373670325,439.77683453968416,440.5975745350276,440.7247587785226
3.5400000000000027,-0.713625040092,-2.50403086982,12.4756947266,5.99414551324,0.0344214650652,0.0,-0.922233310547,-3.10505103724,4.98860053418,-0.172814972925,-0.0524929101674,0.0,421.5975576893642,420.4945230652853,421.5079038666984,422.4300760963969
3.6000000000000028,-0.769682586989,-2.69637678408,12.7771827283,5.9832613204,0.0309303209784,0.0,-0.946003187767,-3.3073729209,5.05999211514,-0.21016813324,-0.0731064096181,0.0,466.41677366894504,464.80147631993356,470.57017997728445,467.63772553090865
3.660000000000003,-0.826952122462,-2.89971959974,13.0784537721,5.97060072463,0.026811239167,0.0,-0.962658332526,-3.47175825065,4.98208774484,-0.212745811922,-0.0609724641628,0.0,418.525956547705,419.57701060769784,421.57491006055227,421.3055181551144
3.720000000000003,-0.885183886226,-3.11342618121,13.375878861,5.95766684025,0.0232974392456,0.0,-0.97810710667,-3.65285115461,4.93157802229,-0.221887898852,-0.0541364594786,0.0,430.97307048695546,431.54807777417176,430.1204652360188,429.2975652209989
3.780000000000003,-0.944354748322,-3.33919482325,13.6730478181,5.94422858391,0.0202356943651,0.0,-0.993938932919,-3.87387969559,4.97293742799,-0.228492101643,-0.045445810039,0.0,461.7999947110152,462.4835587939893,462.5446395333315,461.9764365871555
3.840000000000003,-1.004382424,-3.57788515098,13.9708775139,5.93060615251,0.0180283036616,0.0,-1.00676653501,-4.08357172345,4.95387483408,-0.224289934058,-0.0234963432294,0.0,444.7798209673084,446.5734653143461,443.922740929545,444.21624724506484
3.900000000000003,-1.06517613536,-3.83001695491,14.2691110849,5.91688385245,0.0162763454714,0.0,-1.01953218325,-4.32190857943,4.98601693318,-0.239424170984,-0.0441615912218,0.0,465.04504226740266,463.42290534594963,463.7315032048167,462.49087471886605
3.960000000000003,-1.12659952935,-4.09448322331,14.5633564443,5.90253485193,0.013525005821,0.0,-1.02774566785,-4.49476696052,4.822054887,-0.238608344013,-0.0494782086885,0.0,397.1426594885967,396.65306068436723,399.26381521215933,399.274069763679
4.020000000000002,-1.18849998206,-4.37012243928,14.8491578293,5.88871122169,0.0107818703599,0.0,-1.03539701097,-4.69431987305,4.70420779742,-0.21765215194,-0.0391001160633,0.0,416.3007791670975,417.20670032062026,413.5324243251304,415.3171810045758
4.080000000000001,-1.25083385251,-4.65843147007,15.1289334299,5.87549621141,0.00867294836308,0.0,-1.04222292699,-4.91702545917,4.62094508647,-0.226019133407,-0.0282318305358,0.0,428.45134206207126,429.3739712443264,429.8049382193119,429.0450473569535
4.14,-1.31356333388,-4.96115630634,15.4054989107,5.86172132481,0.00642080655312,0.0,-1.04859494454,-5.17484885916,4.59672939988,-0.237858748791,-0.0723690573379,0.0,452.96886191534696,449.4035095654894,452.1907114067779,451.18401367701966
4.199999999999998,-1.37663892806,-5.2806148396,15.6826941311,5.84718869673,0.00180042662203,0.0,-1.05346978733,-5.47482234991,4.64136902714,-0.252738427423,-0.0884219863653,0.0,477.7595358610587,476.52938759269085,477.47194751745343,476.2805389721625
4.259999999999997,-1.43990715793,-5.6174949792,15.9605197383,5.83206025792,6.27943695043,0.0,-1.05498117952,-5.75562184342,4.61804477743,-0.250973576841,-0.102161616897,0.0,458.8186855093153,457.7192696961545,458.5750691502427,458.653635993762
4.319999999999996,-1.50316409531,-5.97135192385,16.2364616848,5.81716161031,6.27400276148,0.0,-1.05308052517,-6.0406829514,4.57859142061,-0.243465600627,-0.074006079625,0.0,455.98106127812713,458.21828179526403,455.20088181903117,455.74125639670535
4.379999999999995,-1.56624590458,-6.34117761703,16.5070829324,5.80298795395,6.27012803956,0.0,-1.04934657796,-6.28792940021,4.44129455253,-0.224708786578,-0.0503824372197,0.0,424.5750259124812,426.59408743037216,423.1154770603413,424.66862743177336
4.439999999999993,-1.62895515682,-6.72929987811,16.7754931007,5.78942567936,6.26747140234,0.0,-1.04068070048,-6.6502689614,4.50340528618,-0.228832603206,-0.0342413430011,0.0,495.05855143514424,496.2441092609912,495.563188267958,495.21491061421847
4.499999999999992,-1.69119782524,-7.1362778487,17.041540674,5.77624292262,6.26528528618,0.0,-1.03392112977,-6.91666703511,4.3638765506,-0.205888405139,-0.0412289139317,0.0,432.1331229087407,431.5428732081052,429.7970383006109,431.68774067640834
4.559999999999991,-1.75291724433,-7.5616856799,17.3030465874,5.76401771201,6.26298551155,0.0,-1.02318496881,-7.26430946077,4.35104500897,-0.199799646661,-0.0330849373278,0.0,477.83030468361017,478.45029049581115,478.66610383664687,479.09186144692706
4.6199999999999894,-1.814078921,-8.0050762242,17.5581346194,5.75179046609,6.26143420383,0.0,-1.01542113343,-7.51639733258,4.15123192339,-0.213256511428,-0.0143289484214,0.0,414.40422341639766,416.0499319340056,416.04549518702333,414.82097834623147
4.679999999999988,-1.87469255154,-8.46527630232,17.803589597,5.73859816259,6.2604326491,0.0,-1.00497173184,-7.82448930874,4.02919096936,-0.238295169297,-0.0218968250578,0.0,446.0879315101383,445.46942008900936,448.65948710101947,446.5729342862282
4.739999999999987,-1.93465496946,-8.94436350494,18.0417857313,5.72437378954,6.25932470811,0.0,-0.993694837143,-8.14598526201,3.9090398328,-0.234738523199,-0.0123615437263,0.0,450.5364814175173,451.3070520644631,451.10268781231383,451.33474340041846
4.799999999999986,-1.99394740855,-9.44248417454,18.2717434561,5.70982158172,6.25861805385,0.0,-0.982678307894,-8.45896465504,3.75470725257,-0.266490594478,-0.0106344952127,0.0,443.05260983442145,443.194749251454,443.23856567803955,440.55963595223676
4.859999999999984,-2.0525439463,-9.96020133696,18.4930863567,5.69380683432,6.25893408032,0.0,-0.970558087303,-8.79916605239,3.62142617698,-0.267767826356,0.0259299439254,0.0,452.9533510162617,455.8853000653879,454.6146383166761,454.4421235012768
4.919999999999983,-2.11046014216,-10.4977804568,18.7049478695,5.67725939093,6.26101195537,0.0,-0.960133058903,-9.12107717347,3.43888181584,-0.300970063539,0.0479793762309,0.0,440.0655069829477,441.8879886660003,442.2192961189238,439.39514467855827
4.979999999999982,-2.16776985636,-11.0553396277,18.9061684432,5.65879046277,6.26385127813,0.0,-0.950429677747,-9.4651205921,3.26630896734,-0.327187592176,0.0459743233753,0.0,450.0740395940999,449.91299150480353,450.28056741036875,448.05679322538526
5.0399999999999805,-2.2245520423,-11.6334984399,19.0962774667,5.63910764891,6.26671081324,0.0,-0.942534244094,-9.80772942001,3.06841180801,-0.32981820071,0.0508305115895,0.0,445.26297838322836,445.66158530590116,445.9811792932986,445.6562110111877
